# name: debug
# type: sparse matrix
# nnz: 540
# rows: 39
# columns: 39

1 1 84661345.398254052
2 1 -889113.311071492
3 1 17533711.398680534
4 1 -201277.994347547
5 1 -95280102.545403257
6 1 128146.458329194
7 1 -26848735.955069739
8 1 854168.391554285
9 1 -7424550.519397233
10 1 905765.043251003
11 1 32213445.537463065
12 1 -23065.700148867
31 1 58.639958146
32 1 -0.026023069
33 1 0.028059348
34 1 0.001231942
35 1 0.805735033
36 1 29.329662973
1 2 -889113.311071546
2 2 116253909.232809991
3 2 897291.276011504
4 2 95478774.758169517
5 2 231989.649442249
6 2 16107739.013756266
7 2 641615.305854189
8 2 -33227506.079393916
9 2 -298409.501991492
10 2 -26735423.889891881
11 2 -696590.048168905
12 2 -7567056.160157946
31 2 0.026007535
32 2 16.799977787
33 2 0.009318680
34 2 -0.805714029
35 2 0.001256375
36 2 -0.016360847
1 3 17533711.398680538
2 3 897291.276011492
3 3 20986065.512688965
4 3 -943909.946582447
5 3 -13826361.839667480
6 3 -30711.655094778
7 3 -6846549.729584942
8 3 -331898.432807420
9 3 -6335321.522051577
10 3 284699.161534112
11 3 5010972.618481101
12 3 -3057.114189394
31 3 -0.028073743
32 3 -0.009275218
33 3 16.799974484
34 3 29.310808920
35 3 0.015029408
36 3 -0.000007111
1 4 -201277.994347577
2 4 95478774.758169398
3 4 -943909.946582436
4 4 98151578.001559168
5 4 -1130977.786387542
6 4 7125181.722436441
7 4 465388.806619721
8 4 -23846962.357619893
9 4 280515.239436219
10 4 -23709594.977530740
11 4 -1548450.170935122
12 4 -4210047.427797038
31 4 -0.000000000
32 4 -0.000000010
33 4 0.000000000
34 4 16.799956914
35 4 -0.026023069
36 4 0.028059281
1 5 -95280102.545403287
2 5 231989.649442211
3 5 -13826361.839667484
4 5 -1130977.786387464
5 5 154410599.329094261
6 5 -2346154.581732757
7 5 26042575.039551493
8 5 -644559.633000994
9 5 4833881.041125760
10 5 -1787688.282442839
11 5 -42049681.208999008
12 5 630679.003381838
31 5 0.000000010
32 5 29.320000874
33 5 -0.000000000
34 5 0.026007537
35 5 16.799977786
36 5 0.009318646
1 6 128146.458329159
2 6 16107739.013756266
3 6 -30711.655094778
4 6 7125181.722436519
5 6 -2346154.581732739
6 6 23776442.027414575
7 6 144532.917623496
8 6 -6459411.716137362
9 6 5148.397257279
10 6 -3985715.443835369
11 6 409032.768792472
12 6 -4728629.315663902
31 6 0.000000000
32 6 0.000000000
33 6 0.000000000
34 6 -0.028073742
35 6 -0.009275215
36 6 16.799974496
1 7 -26848735.955069739
2 7 641615.305854189
3 7 -6846549.729584942
4 7 465388.806619721
5 7 26042575.039551493
6 7 144532.917623496
7 7 40226808.102518089
8 7 -1202248.078115371
9 7 12121309.296452282
10 7 -958856.836663815
11 7 -43035920.648488611
12 7 -286248.250440873
13 7 12.519898526
14 7 0.023655893
15 7 0.044617287
16 7 -0.004708427
17 7 2.453378854
18 7 0.020444978
22 7 12.519898526
23 7 0.023655893
24 7 0.044617287
25 7 -0.004708427
26 7 2.453378854
27 7 0.020444978
31 7 12.519898526
32 7 0.023655893
33 7 0.044617287
34 7 -0.004708427
35 7 2.453378854
36 7 0.020444978
1 8 854168.391554285
2 8 -33227506.079393916
3 8 -331898.432807420
4 8 -23846962.357619893
5 8 -644559.633000994
6 8 -6459411.716137362
7 8 -1202248.078115365
8 8 49741194.355957501
9 8 576008.887740181
10 8 37840209.251705237
11 8 973601.047516340
12 8 11613346.386279233
13 8 -0.023666576
14 8 12.519977657
15 8 0.002957038
16 8 -2.453205482
17 8 -0.004624458
18 8 -0.054399184
22 8 -0.023666576
23 8 12.519977657
24 8 0.002957038
25 8 -2.453205482
26 8 -0.004624458
27 8 -0.054399184
31 8 -0.023666576
32 8 12.519977657
33 8 0.002957038
34 8 -2.453205482
35 8 -0.004624458
36 8 -0.054399184
1 9 -7424550.519397233
2 9 -298409.501991492
3 9 -6335321.522051577
4 9 280515.239436219
5 9 4833881.041125760
6 9 5148.397257279
7 9 12121309.296452288
8 9 576008.887740179
9 9 10939158.989489648
10 9 -593592.213736768
11 9 -9096143.227972571
12 9 -14744.210852843
13 9 -0.044611620
14 9 -0.003041358
15 9 12.519920522
16 9 -0.019951870
17 9 0.045618523
18 9 -0.000060117
22 9 -0.044611620
23 9 -0.003041358
24 9 12.519920522
25 9 -0.019951870
26 9 0.045618523
27 9 -0.000060117
31 9 -0.044611620
32 9 -0.003041358
33 9 12.519920522
34 9 -0.019951870
35 9 0.045618523
36 9 -0.000060117
1 10 905765.043251003
2 10 -26735423.889891881
3 10 284699.161534112
4 10 -23709594.977530740
5 10 -1787688.282442839
6 10 -3985715.443835369
7 10 -958856.836663817
8 10 37840209.251705229
9 10 -593592.213736769
10 10 35883450.659520678
11 10 2317953.124906073
12 10 7364159.418528219
13 10 0.000000000
14 10 -0.000000013
15 10 -0.000000000
16 10 12.519898522
17 10 0.023655889
18 10 0.044617239
22 10 0.000000000
23 10 -0.000000013
24 10 -0.000000000
25 10 12.519898522
26 10 0.023655889
27 10 0.044617239
31 10 0.000000000
32 10 -0.000000013
33 10 -0.000000000
34 10 12.519898522
35 10 0.023655889
36 10 0.044617239
1 11 32213445.537463065
2 11 -696590.048168905
3 11 5010972.618481101
4 11 -1548450.170935122
5 11 -42049681.208999008
6 11 409032.768792472
7 11 -43035920.648488618
8 11 973601.047516348
9 11 -9096143.227972575
10 11 2317953.124906071
11 11 63379547.606687158
12 11 -814236.098511965
13 11 0.000000013
14 11 0.000000000
15 11 0.000000001
16 11 -0.023666573
17 11 12.519977654
18 11 0.002957223
22 11 0.000000013
23 11 0.000000000
24 11 0.000000001
25 11 -0.023666573
26 11 12.519977654
27 11 0.002957223
31 11 0.000000013
32 11 0.000000000
33 11 0.000000001
34 11 -0.023666573
35 11 12.519977654
36 11 0.002957223
1 12 -23065.700148867
2 12 -7567056.160157946
3 12 -3057.114189394
4 12 -4210047.427797038
5 12 630679.003381838
6 12 -4728629.315663902
7 12 -286248.250440876
8 12 11613346.386279235
9 12 -14744.210852844
10 12 7364159.418528211
11 12 -814236.098511965
12 12 7799577.220820612
13 12 0.000000000
14 12 -0.000000001
15 12 0.000000000
16 12 -0.044611619
17 12 -0.003041352
18 12 12.519920442
22 12 0.000000000
23 12 -0.000000001
24 12 0.000000000
25 12 -0.044611619
26 12 -0.003041352
27 12 12.519920442
31 12 0.000000000
32 12 -0.000000001
33 12 0.000000000
34 12 -0.044611619
35 12 -0.003041352
36 12 12.519920442
7 13 12.519898526
8 13 -0.023666576
9 13 -0.044611620
10 13 0.000000000
11 13 0.000000013
12 13 0.000000000
13 13 3527.996981283
14 13 -0.000000000
15 13 0.000000000
16 13 0.000000000
17 13 0.000000013
18 13 0.000000000
7 14 0.023655893
8 14 12.519977657
9 14 -0.003041358
10 14 -0.000000013
11 14 0.000000000
12 14 -0.000000001
13 14 0.000000000
14 14 3515.476980910
15 14 0.000000000
16 14 -0.000000000
17 14 12.520000373
18 14 0.000000000
7 15 0.044617287
8 15 0.002957038
9 15 12.519920522
10 15 -0.000000000
11 15 0.000000001
12 15 0.000000000
13 15 -0.000000013
14 15 0.000000000
15 15 3515.476980909
16 15 0.000000000
17 15 0.000000000
18 15 0.000000000
7 16 -0.004708427
8 16 -2.453205482
9 16 -0.019951870
10 16 12.519898522
11 16 -0.023666573
12 16 -0.044611619
13 16 0.000000000
14 16 0.000000000
15 16 12.520000373
16 16 3515.476980910
17 16 0.000000001
18 16 0.000000000
7 17 2.453378854
8 17 -0.004624458
9 17 0.045618523
10 17 0.023655889
11 17 12.519977654
12 17 -0.003041352
13 17 0.000000000
14 17 0.000000000
15 17 0.000000000
16 17 0.000000000
17 17 3515.476980897
18 17 -0.000000000
7 18 0.020444978
8 18 -0.054399184
9 18 -0.000060117
10 18 0.044617239
11 18 0.002957223
12 18 12.519920442
13 18 12.520000373
14 18 0.000000000
15 18 0.000000000
16 18 0.000000000
17 18 0.000000000
18 18 3515.476980910
7 22 12.519898526
8 22 -0.023666576
9 22 -0.044611620
10 22 0.000000000
11 22 0.000000013
12 22 0.000000000
22 22 3540.516981656
23 22 -0.000000000
24 22 0.000000000
25 22 0.000000000
26 22 0.000000013
27 22 0.000000000
7 23 0.023655893
8 23 12.519977657
9 23 -0.003041358
10 23 -0.000000013
11 23 0.000000000
12 23 -0.000000001
22 23 -0.000000001
23 23 3515.476980910
24 23 0.000000000
25 23 -0.000000000
26 23 25.040000746
27 23 0.000000000
7 24 0.044617287
8 24 0.002957038
9 24 12.519920522
10 24 -0.000000000
11 24 0.000000001
12 24 0.000000000
22 24 -0.000000013
23 24 0.000000000
24 24 3515.476980909
25 24 0.000000000
26 24 0.000000000
27 24 0.000000000
7 25 -0.004708427
8 25 -2.453205482
9 25 -0.019951870
